122 . .1.1.116111111161101116

6166 16666666666161666,μ16·6611666661,1χωωω. 166 pio-iuno
66166 66666666, 661666 61611 6666661, 6616616.
61111 6666661 66 onon 6616. 6661666666 - 10. cmm] 666 66666661 616 lo·
66616666. 66666 6616616616666666116 666 1111 66666166, 6666611 pomin- 16
66161 666161. 66666 6666166166 116 66666· nmio 6666, 666 166616166666 66666
⁸mio. 1166166666 1666666 616 66616166. 6616666661 16666 primi 66661666 661166
463.1.166661666]66116 1116 66661· 66666666.
6666. 116 6616666 6661616666. 61 666 6666· -11.1χ66]1666661616ι6 1616 lxta,
661666ω66611616. ‘muniunto
ω- 6. 666ψῖ156161ιῆ cito 6.1. 661611· ‘ln-ig. 166666μέ661] 6661661 161 d!
-nffiupd 6616116666 661 61166] 661Ιὲ - pop. 616 pke-u 6666661666] 661, 16
. 6666666 pori 616666166616661666. 866-
-7.161] nolin 1611. 111666 6666166116 166116 6616 1166166666, 6666 61 666666
ho form wama papan} dfixdolim 1666616116 61661 ox 6116666661 66 66661·
ἧς W dexo-c, 6111 661161 1616 666666166611661666166611666 66 m oo·
[16 661, uox 1666 661λῶ 16], im 661 ron 1161116666 16666666, 6666 publio·
666616. conubio 6616 6161666666 indo 666666, 666166 6616166 6661166666, on·
pmveutormo 666 turpitudine 1666 66 666 6166 6 6 666666.
' 66611666 6666666 6666666666, 666, 611- -- 11166166] 6666661 11666 ww,
666, 6666616 pom, 6611666, 666 6166616666666. 21.
66116, 1166 6161661 61666 666 namquo 165. 7. 6616 &sophae 16616] m 666
66616 6666166166 16 6666116, 1611611616. 661666 spent-ton 16661.
66616666166 666 66666666 prono· 661· -9.116116 661 6616666166.
166 proportionem 61661. 11166 666 666 -10. 1661 6611. 6 6616 ηιιμρχὺκ.
ooo-puori 666611. 6661661166116166 6666 666666666666666616161166666616
6661666661666 661166 661. inpendere. 16666 666 6661666161 66 mp-
-16 opimo 16166666, 1 6161666] 1666666616161666666611666.
66166166666611161111616666661·· -16.661666] 6661666666 66166, 6611.
61616661661161 61116666166166166661666· 616616κώ61666. 666666116616616616,
par 1661666 triginta omfferoot 6666666 6666666166666166616116666666166666
pomo, 66666 nono oopsmnt. 616 6661666- 6661666666.
666, 66166666 66666666 1666616666 -12.1χ66] 66611χ66666616616661-
1666166666, 6 661666 61 6161166116 (pom denti 166616. quon 61 61666166, 666666-
6166 pou, 6661 coum 11116 6666666616 166, possidere 166166, 61 mom
1666166 661) 61 1 66661, 66666 6661611 666616άώ6661.
61666666. - 16. 6166 616 -] 6166166 666
-111 16116] odio 1 616, 6611161666- 6666 6661661161 on 61666, quomodo 166
661666. ’ · 166, 6661166, 6616 6611616, 661111661666
..ἱαὲᾉἪψἬῆἒὲῗ 111ἕ11’.1“,““111.11ἰ“ῗ.2.111”11111
66166666666 661 6666666666 depromo 666 66 1616166 severitatem 6166666661-
661, 61 Memfi. 666 conserat. 66 66666 66616, qm quini, 666666 6661, 666111-
1666, 61661666 61 616616 66 666666 ro· 6611666 66 16661 166166666616666166, 661·
6661. 111666 666116616666 16611616. So· 666666611166 666616666611,11166661666,
166666616666666616661166666661166611 661666 6666166661161666 666666611. ,
166 Maio, 666 66661 6 6611661666. 661 46666661 661616]166661661616,661
Ι1666611666 66616. 661661 16666 66166166 66666616, 66666 616 16616166, 61 66
666 6666116 61661, 6616661, 61 661666 61 11116.
616616 666 66 6666666666 66 61666666 ro· ··- 7. 16616861 6666661 opem 6
16166,616616666616661,66666,661,666 6666616616. 666 66661 6111661661,
661661666666666616166116666666116666 6616116666.
privilegium 666661, nuno 61666 16611666 - 20. 161 661666 616] 661661 6666661, 661
66666166 66616166666; 616616 66166 66 6616616[661161] 661666, 16. 666 6616
666, 661 66666666 1666611616 6161616661, 666 puolo 666166 661, 6161166 661 ταῦτ’ 16“
666 tempor 6666666 6666666661 666161· 16, 16 661, 161 661666,616-1666666 66·
66666. 1166 6116. 11666 666616616616. nero 666666, 666 666166 6161166 inprimi·
16616666 6661166 666 quomo& 666 1661661. .
1116611111. woffo? 6.ῐ..“.’111’11111”,1.11111·“1111
6616, 6661166 66166616 66616 τίετςω- 616666 66616166 lxm 6161661666 661 6616
paste- 66661 616 16111666 offo 66616116, 161 Aa&
466. 12. 66616866] 661 6661666 onit- 616 666· 166611 16116166 16666 111616 16616
ont. 1111 661666166666 6 6666166666 nom 6666 6 66161666666166 oum 666·

 

