111 11111111011111111Ι 1111111111 115

κ111111111111101111313111111111”111,1144.111311111111μ1111 11111111
nequ 11 1611 1111 1111111111111 11311111· 13111λ111μ1111. 91111111111111111111111
111,1111111111111111111’11ε1111111111111- 111111111111111111111 1111113111111111111
1111, 311ι11111111. 1111111111 1111131111 1111 11111111111 11χ1111111111111111μ1111,
1111111111111111, 31111111111111, 1111111. 11 (1111111 1111111111 111, 131111111111111-
1242. 9. 1111111 1111] pm 3111 11111111 131111,13111111111111111111111111111·
11111111, 1111111111131111111111. 111111111 1111111111. 111111 111111 3111111111 111 1111111111
111111111111111. 01111111· 3111, 11911111 11111111,111 nominatim punitatem
01111111111111111111111111111111111111113111111111111 111χ1111111131111111·
-18.μ111111]1111111111111111111· paim, 1111 1111111.1111111111111111111111
buln 311111 11. 111 1111111 1111111 11111 11111 wippam.
micallim smilhrnminoniomwn· -17. 11131] 1111111011113131.111
fimare. -94 Bm] 11111111111131311.
-15. 111]11 1111111111, 1113111111· - 1111. 1111311111911] 111111111” 1,11
&m 1111111. 1111111 11111111111111111. 8111111111.
-20.11111’11]1111111111131,111 11311 1111111111111111111] 1111111113111
..1111111 111111, demum 1. 9. Ι31111 1111131111
11111111111111111μιῃιῃυε m 1111111111111111, 11111111111113111111111·1
sutile 111 1111111111. 11111111 11111 1111. 1111111111 1113111 1111111111.
-16.111111311111]11111111111,1111· -1111111]111111111111 1111 1..6
31111111 1111111111 11 lengi-fu [1111. 111 1111111 111 11 11 1111111111 111111111111311,
pupienum] (1111111111 11111111 mdo 111 1111 111111, 11111111
1113111 111111 11111 3111111 quid 11111111, -7.1111 111111]τι 11111111 111 1111111.
11111111111311111,111 (1111111111. 1111, -9. Mam] 111111 111 Cephisida·-
111 11 13111 3111111111 1111111 1111311,111111 11 qui 1 111111 1111111111 111111 dmm·
1111111111 1111111111. &ajam raei'fidnfacimtb. 311111111111111
-19.131,111]11111111.1111111111· 11111 1111113111111111 munim 11111111
111 11111111 nalem wippo? 1111 11111- 11111111111111 1111111111111 111111111111111
111111111111111111111111111111111111111 11113111111,1111111111111911111111113111
mli-pz- Ι’..13131115111111] pout 111111 111111· :offffliubffi π gau: 111113-
»Minici-urtam 11111311111113111111111311111111111. ·

s An ORATIONEM ADVERSUS 111011111111.

’ Α11111111111111311111111111>111111113111 1111111111 111 1111111111111111111
filim. 11111111111111111111,31111111111 3111111111
mas.- 111111131111 1111111111] 11131.111111111111111111111111111

1111111111 11111111 111111111111111111111111 -16.113111μ1”11] 1111111111 non 11111
111111 111111, qne 11131. 1111111, 111 1111,1111χ1311,1111 11111 11111311111311111111
3111131111111111111111111111 ωη1111111111111111111111111111111111111111111
111-ο- gamm: dudm ”iffa 111311 11131] 11111111 111111
11111111111111 111113111111161111111 111111- mim. 1111 3111111, 1131111111 11111111,
1111113111,111111111111,1111111111,1111 111 11111111 111 duodecim. 111111 1311111
13111111,1111311111111111,111111111111111- 11111111 pm 1111311111 11111111 1111111
nodo malote 311111111111111, 11111 1111. 11131. 411111 1111111111111.1.11131.1979.
Ὓόωῗιὲπζω] 111111 11113111 11 193, 3811131113 111111,111”1γχ11μ1111.
“²¹¹¹ ''²“ [1111 ‘¹⁰⁰³'⁰'⁶‘''⁷ ..“..1.·.’.”ἒ.ῖ 1111119111111
augasma] 1111111111- 111111111111111111111111111 J
poem-lema& 1149. 5.11311111111]1,111111111111

... 15. 11111] 111111 ab 1413111111 11111,11(1 1113111 Ν111111111.11111111111111- Ι

- 11111.11111111111 lubinus 11111 1111111. 11111111111111,11111111113111111111
111111 31111111 11111111. 13111111 11π1;11111,1113111111111111111, 31111111 1111·
1111111, 1111111 11111111111113111311· 31111111131111111111111111111111111111111111Ι
111111 11, 111111111111111111113113111,3111311,111111111111111,11111 11111111, 11111
11111 1119111111111[11111111111, et 111111111111111111113111111113111111311
eju 111111, 4111111111]1113111111 aliquod 31111111111,11111 11111111111111111111111
mmmm. 111111111111111131111, 1111 1113111111,131113111111111111111111 11111111
131111 1111111111 11111 1111.11111111111111,111111111 111 11111111 311111 111111 11111
111. 1. · 111

 

