414044. 49000900 44444242444144. 44

0944444444440404411044 4444.

mmmm? ,91111

wammam* 0411111101 ’4444 ”
94941040400011010940440000 ιιι””’4444, 991440 ’5010410049440090

00 400 4490909404 114 14040014, (9440411400 -ς-16. 0010140414ἷο40 4044044044
0904041190900499000010144004 ΡοΙο900· 4419 ,0410οη09 14114999 494144049-
4404100404 44 4140114400· 0100000 11000000444140040 40104040
—44 4119194910] 40411404 01 110· 004104000114049, 90104 940990οι99ιῷ0·
11010004044 41 >⁸³¹4- 04104. 00104901100441- 4004, 400 4444 49ιί 004009910041444
444424444444404444444 nequeenim 4441· 0000194, 4110904091. 4. 99* 43. ,014 9941. 041
004004οι1, 44440009011404. 1001410109ηῆιάιώ 1414499499.

144.Ρ441041,4040 156414. 010099914041001404491994001 ,

44094 001004 9441400, ,00040 4540101119011·
-ἰ411. humma. 9491914, 441144· 00000014ιί40. 1004404010904. 04114, ,49441
0144991100, 9010. 00109904909001, 990 40101Ρ411199ι 00·
-16, 44144449ιῖ0 9440110404 41490414. 1400444414 00100044, 4090090019091
151. 1441910149 ’414040,901,149ομ1·10 1140010010 00900041040041, 00401040.
0440190009, 00444 091014. Ι. ,91094 990404 ’11994 990010 1444100, 1900 4110404 0009409·
940904110014 90041, 0090011040 01441011· ,04104 4144094τὸ4 01900901594941404, 444,λρ
,,014404 0190001110100019404’1041400001,1401,44940 «Arma-4444: 104944000οπ04.
’1099444410940994014049011940 01 .Ρ41119· 151. 14. 1144491904] (441044 Ι. 11011011·
0109 040104 0140 00411004. 44 4010014- 18· v 10449441·-

ΑΙ) EPISTOLAM PHILIPPI.

,.1591 19440114040144404409000404040111100100191οΓ90444941004000·

-3.11004] 4444444144. 4414110194, 444 4040 011194109 0111· 000100401014911100
0049040010, 044010 1041001, 0004 49010914· 044110 040 0404440444 4040100444, Eoi 441
4140900ι4ιιιιιο91101490,10404904οἫ400 1010111104011410910 404001449001 Ρ141·
tentiam 10404404444414114144 014444” 444 10 11444, 41441900,4100090900 110411049400,
114914, 04414 1441440 0014141404, 140 1491044 014400001041401094441044 10041, 0044901411-
090444044491040494100041,·94141104994.4400 904 41444 09444400, 404110, 919444, 1001411400
1909490919, 4444 0044001004444444 90004 900 19940414, 044900 010041919ζ’ ,40 10040144 141-
.1439491κβωλψὺως] 0011. 1404140 4444· 4444444444'442444 44⁰ 44:4144444w44444
19419440. 11190, 90914910001, 11190 ,4100191904 0411449000 04 10409104141001140094149400
,104400104110010404094090041400490040140494409440,

- 24. 494 1440109] 94944 9191140144 4040411 -11.414414041409]ι94440419444199ι
001999) (9949490004 0111411990 99904404. 9199190449 990419499419991991141119990009,
........,'.1“;“4·2.·‘42...33.4”.4·. ,11411311 ..4.11 49414114
¹44514444 09144904 10 19414 κατ’ 19401 094090- ιιιοιιιι, 90090010 00001940 0044411110ιρ4
9944094949. eoquod 4440141490 04414 449- 9090144040 ’14994001
000410104104944494904, 4011001104404040 ’-16 09190.1.090014οτ01’ς] 11 041,
,14444441444444444144444'4444¹ ’9991000411040 0910919041 194410 014401 4444 1419, 0441441
1100 0001001014004 000401401049, 94000944 ”²⁶4³4404'24n4'4544104411444110044·
0041041440 40014 fide 0909114043 400041090400,00011044’4 9041144, 440 0004·

-5. 44 194410] 01 040, 41000100494900 49001404, 444004 0901090404 ,1440040044004
444404. '1444 ὑφ’ 194114] 910910414100404 ιι·

-8. 4401044000] 04011004 0004 44110010 4101001001, 0091401 &eumen 900049·
0400440409. 4110004194 ’40444101499004004 004404001-

-14104049494099104119040094940914041 00444 044000140104400. 4019010944 49011440·
14010490410149040400410104· 4040 01411· 141404, 14 940104014140 9044101 1441441411.
9444141414004011 44110 4001440444 0001· 4900409000 400 011040410οω 000409144ιο
11040, 44141οΗ0 Pom οΡ19111990490414 44 1004444 40441004 0004140041044440,104101·
099014400404, 44004400 ,41400100ιί404 04401 11014 0044040 44 44401104 1144400 9190144, 444-
4444444444. 44444444, Philippo 4414001044· 1040444, 104910104101014. 9904104449 140-
400 09940110444, Pena 404040040411444· 40140040,οω 0004001000040414,0400101110
0100411404 49004 1404140110 1101110440 904104 404110 0440.

004. v. 4

 

